ground_truth_robot_pose:
  d: 1.5165906202505204
  x: 1.4850361279522408
  y: 0.30775771007153363
relative_base_footprint:
  d: 1.5414316176149763
  x: 1.5064101587005767
  y: 0.32671067559359873
relative_baseline:
  d: 1.4289952465081792
  x: 1.3965714380863554
  y: 0.3026807441255246
