ground_truth_robot_pose:
  d: 1.3964646530325606
  x: 1.2699996130498183
  y: -0.5807017392970867
relative_base_footprint:
  d: 1.3958802939465833
  x: 1.263751294440798
  y: -0.5928022105454798
relative_baseline:
  d: 1.357786119896
  x: 1.2264657135864279
  y: -0.5825504276705741
