ground_truth_robot_pose:
  d: 1.7789313787816468
  x: 1.7470632302805822
  y: 0.33521175369540396
relative_base_footprint:
  d: 1.730880230350745
  x: 1.6962372810130464
  y: 0.34456560815106796
relative_baseline:
  d: 1.697700168425614
  x: 1.6628840353023098
  y: 0.3420563506340218
