ground_truth_robot_pose:
  d: 1.8821890783810489
  x: 1.7584956197715755
  y: 0.6710654826625227
relative_base_footprint:
  d: 1.93632173546326
  x: 1.8062929942968293
  y: 0.6976012342174047
relative_baseline:
  d: 1.781085742301884
  x: 1.65631561181488
  y: 0.6548931328769237
