ground_truth_robot_pose:
  d: 1.2490524252668602
  x: 1.186998899318548
  y: 0.3888001724299782
relative_base_footprint:
  d: 1.3082599769008576
  x: 1.2359703668996553
  y: 0.42886060591591263
relative_baseline:
  d: 1.1898154768957832
  x: 1.1186605846866942
  y: 0.4052892366312774
