ground_truth_robot_pose:
  d: 2.625391106200761
  x: 2.4077838349930984
  y: -1.046544535346673
relative_base_footprint:
  d: 2.5777712019417747
  x: 2.357751686315123
  y: -1.0420707054890932
relative_baseline:
  d: 2.4377926047562286
  x: 2.223686849081147
  y: -0.999024314532793
