ground_truth_robot_pose:
  d: 1.9385690597878673
  x: 1.859306694922822
  y: -0.548660745617898
relative_base_footprint:
  d: 1.9499454108019345
  x: 1.8739590623869236
  y: -0.5390403858760935
relative_baseline:
  d: 1.846199246150953
  x: 1.7621579513992418
  y: -0.5506823138695985
