ground_truth_robot_pose:
  d: 1.4683915473423708
  x: 1.3886898957188043
  y: 0.47719399601736234
relative_base_footprint:
  d: 1.4901291040175737
  x: 1.4025246669227862
  y: 0.5033977605366801
relative_baseline:
  d: 1.3555240213548787
  x: 1.2743327745014483
  y: 0.46208370702886964
