ground_truth_robot_pose:
  d: 3.354243129429349
  x: 3.29590193601972
  y: 0.6228783183459289
relative_base_footprint:
  d: 3.3811665346043025
  x: 3.3219447890005886
  y: 0.6300555162522594
relative_baseline:
  d: 3.2425932973558407
  x: 3.1850549823506364
  y: 0.6081414732284027
