ground_truth_robot_pose:
  d: 2.25126071388113
  x: 2.100616472536357
  y: 0.8096821828183498
relative_base_footprint:
  d: 2.2628816412819908
  x: 2.107196089856231
  y: 0.8248381425138434
relative_baseline:
  d: 2.1468173052779678
  x: 1.9911390739830763
  y: 0.8026143098018954
