ground_truth_robot_pose:
  d: 2.0982819280235905
  x: 2.084090757511412
  y: 0.24362422688621388
relative_base_footprint:
  d: 2.093108832059692
  x: 2.078150475338995
  y: 0.24979028142542836
relative_baseline:
  d: 2.0250113452405563
  x: 2.010028180229501
  y: 0.24588140034628284
