ground_truth_robot_pose:
  d: 2.1966429282048168
  x: 2.1637735505905327
  y: -0.3785817953851861
relative_base_footprint:
  d: 2.2465965310964298
  x: 2.2147626429363223
  y: -0.37685860609547944
relative_baseline:
  d: 2.1278364991460106
  x: 2.0947239756380895
  y: -0.3739246354346117
