ground_truth_robot_pose:
  d: 3.465114832822383
  x: 3.4606624055547868
  y: -0.17560330129426788
relative_base_footprint:
  d: 3.3601810743566043
  x: 3.3557040847040662
  y: -0.17339823633690046
relative_baseline:
  d: 3.2422031563323097
  x: 3.237364134946809
  y: -0.17707276665621904
