ground_truth_robot_pose:
  d: 3.88694561087786
  x: 3.7661361602353707
  y: 0.9615428250942549
relative_base_footprint:
  d: 3.856423453607452
  x: 3.734888705979421
  y: 0.9605249645277293
relative_baseline:
  d: 3.741065107671701
  x: 3.622440395381338
  y: 0.9346088602983466
