ground_truth_robot_pose:
  d: 3.834982815914771
  x: 3.6571008384831387
  y: -1.1544291470365382
relative_base_footprint:
  d: 3.940169246582772
  x: 3.759228452839124
  y: -1.180311455117426
relative_baseline:
  d: 3.644264615547666
  x: 3.470680724037853
  y: -1.1113234902245437
