ground_truth_robot_pose:
  d: 3.180255592962895
  x: 3.098201966331833
  y: -0.7177535875140845
relative_base_footprint:
  d: 3.21070934780681
  x: 3.1289350015360493
  y: -0.7200140778183675
relative_baseline:
  d: 3.074602087961764
  x: 2.9910215201846357
  y: -0.7120170398882522
