ground_truth_robot_pose:
  d: 2.907112062967171
  x: 2.8780996561564214
  y: 0.40968636282103765
relative_base_footprint:
  d: 2.88410733918276
  x: 2.851991310425823
  y: 0.4292094001573774
relative_baseline:
  d: 2.8366766360378124
  x: 2.803858365432587
  y: 0.43024714297308364
