ground_truth_robot_pose:
  d: 2.7100460402311595
  x: 2.5909470087795596
  y: 0.7945710401649683
relative_base_footprint:
  d: 2.756370576023788
  x: 2.6303521200794124
  y: 0.8239092648850663
relative_baseline:
  d: 2.5685621267275867
  x: 2.447738564673197
  y: 0.77851609994331
