ground_truth_robot_pose:
  d: 2.2951869919756653
  x: 2.2737491630798816
  y: -0.3129665661501885
relative_base_footprint:
  d: 2.3302271549242177
  x: 2.3107777376891385
  y: -0.30044107666309716
relative_baseline:
  d: 2.224645888119681
  x: 2.2049622007518708
  y: -0.2952812570808923
