ground_truth_robot_pose:
  d: 3.885282232896989
  x: 3.746246379737645
  y: 1.030075769818705
relative_base_footprint:
  d: 3.8987543482387528
  x: 3.75416880187518
  y: 1.051904023634123
relative_baseline:
  d: 3.6793450865784294
  x: 3.5434936953828036
  y: 0.9905719039580886
