scale: [-1.3904738998957131e-06, 6.931728846189357e-07, 2.949649460097073e-07, -2.8009288059569925e-07,
  1.0, 1.0, 1.0, 1.0]
zero: [-27614066.0, -8223840.0, -31022912.0, 19187504.0, 0.0, 0.0, 0.0, 0.0]
