image_width: 2048
image_height: 1536
camera_name: camera
camera_matrix:
  rows: 3
  cols: 3
  data: [3492.8493204, 0.000000, 1025.0207517, 0.000000, 3496.7647872, 734.912734061, 0.000000, 0.000000, 1.000000]
distortion_model: plumb_bob
distortion_coefficients:
  rows: 1
  cols: 5
  data: [-0.070022, 0.241475, 0.000303, -0.002293, 0.000000]
rectification_matrix:
  rows: 3
  cols: 3
  data: [1.000000, 0.000000, 0.000000, 0.000000, 1.000000, 0.000000, 0.000000, 0.000000, 1.000000]
projection_matrix:
  rows: 3
  cols: 4
  data: [3478.0134873, 0.000000, 1022.9410389, 0.000000, 0.000000, 3487.2296864, 734.9307936, 0.000000, 0.000000, 0.000000, 1.000000, 0.000000]
