measured:
  distance: 2.23
relative_base_footprint:
  d: 2.2552036129065685
  x: 1.98811385857689
  y: 1.0645875356218242
relative_baseline:
  d: 2.11805850862339
  x: 1.844046518527951
  y: 1.0419521502722107
