measured:
  distance: 1.98
relative_base_footprint:
  d: 1.8043504209685277
  x: 1.8002681145229822
  y: 0.12130604882350166
relative_baseline:
  d: 1.74755002400473
  x: 1.7427527019455211
  y: 0.1293990195500618
