measured:
  distance: 2.45
relative_base_footprint:
  d: 2.5264785167976243
  x: 2.08897793024806
  y: -1.4210084105227714
relative_baseline:
  d: 2.3030421781430426
  x: 1.8945248373413652
  y: -1.3094956720060293
