measured:
  distance: 0.77
relative_base_footprint:
  d: 0.7995059939669464
  x: 0.70035673316028
  y: -0.3856297196873387
relative_baseline:
  d: 0.7019078613798362
  x: 0.5882098865688945
  y: -0.38299317906383595
