measured:
  distance: 0.92
relative_base_footprint:
  d: 0.7853048897413427
  x: 0.7574256220512002
  y: 0.20738899901396615
relative_baseline:
  d: 0.7490054253926146
  x: 0.696359641304564
  y: 0.27584846787638795
