measured:
  distance: 1.02
relative_base_footprint:
  d: 0.9852643281654772
  x: 0.7253436924493916
  y: 0.6668000631218113
relative_baseline:
  d: 0.8242002269187776
  x: 0.5974172524328882
  y: 0.5678015855459575
