measured:
  distance: 4.24
relative_base_footprint:
  d: 4.240191323004429
  x: 3.967559836005143
  y: 1.495891507897845
relative_baseline:
  d: 3.830517093279709
  x: 3.582421754389025
  y: 1.356139954277688
