measured:
  distance: 3.99
relative_base_footprint:
  d: 3.935608543715402
  x: 3.9334612515686795
  y: 0.12998919867982134
relative_baseline:
  d: 3.5626949501830008
  x: 3.560419041482786
  y: 0.12732461312038346
