measured:
  distance: 4.18
relative_base_footprint:
  d: 4.075996773315547
  x: 3.8821611923019077
  y: -1.2420040954295508
relative_baseline:
  d: 3.67237376548305
  x: 3.4978367955925918
  y: -1.1186897804157807
