measured:
  distance: -1.0
relative_base_footprint:
  d: 1.0587681401009672
  x: 0.921710163503533
  y: -0.5209993752272184
relative_baseline:
  d: 0.9125259370561282
  x: 0.7564982439829684
  y: -0.5103077430833771
