measured:
  distance: 1.2
relative_base_footprint:
  d: 1.382693456719057
  x: 1.2574763219422558
  y: 0.5749734733083527
relative_baseline:
  d: 1.1004537060148867
  x: 1.0239041128186421
  y: 0.4032601230409076
