measured:
  distance: 2.59
relative_base_footprint:
  d: 3.1956283387147324
  x: 2.982879369168889
  y: -1.1465038805792558
relative_baseline:
  d: 2.2966443820502778
  x: 2.135755478407004
  y: -0.8444666684112361
